batch_size: 16
beta1: 0.9057517651572807
beta2: 0.9951631880205348
drop_rate: 0.2698702915947406
learning_rate: 0.00012354433864416898
scheduler_patience: 3
weight_decay: 2.1619130411547163e-06
