batch_size: 16
beta1: 0.8954525023402001
beta2: 0.9982810452581533
drop_rate: 0.1505882756361625
learning_rate: 0.00022021123480389852
scheduler_patience: 6
weight_decay: 0.0003590419082786141
