batch_size: 16
beta1: 0.8533064189089857
beta2: 0.9925634646924959
drop_rate: 0.18633179011599393
learning_rate: 2.514338878027262e-05
scheduler_patience: 6
weight_decay: 0.00022053743034462146
